af6e165939cc224b09bf00a11304daf82d7e44d0
(1.0,0.0) (0.0,0.0) (0.0,0.0) (1.0,0.0) 

35a9c7057d562cc00d0a406f0e23db5f1ad52573
(0.0,-1.0) (0.0,0.0) (0.0,0.0) (1.0,0.0) 

62ebb675e18e46d952c37a995181d23a18f84cd4
(0.0,1.0) (1.0,0.0) 

9dba5c50e0f70567afcef57fe6ad21239670a6ad
(1.0,0.0) (0.0,1.0) 

acb486f1244f21e8652460709db843252d587c42
(1.0,0.0) (0.0,0.0) (0.0,0.0) (0.0,1.0) 

fd53fab4e7faf33b65431a13cde9f40aeaf1d7c9
(-1.0,0.0) (0.0,1.0) (0.0,1.0) (1.0,0.0) 

40b7e424564fde12b0417ff7e98ffc60adcd0cea
(1.0,0.0) (0.0,0.0) (0.0,0.0) (0.0,-1.0) 

ce57ea375e09dd64827362cb31295277a33620fe
(1.0,0.0) (0.0,-1.0) (0.0,-1.0) (-1.0,0.0) 

cb7120ab055f0377e633d6f25385f0155e761f46
(1.0,0.0) (0.0,1.0) (0.0,1.0) (1.0,0.0) 

3bb7ef3cd899af6c0477e6b55e0c0d9b6d1351f5
(1.0,0.0) (-1.0,0.0) (-1.0,0.0) (-1.0,0.0) 

3e9bd532846c29feaebd74716201c0317b22fd59
(1.0,0.0) (1.0,0.0) (1.0,0.0) (1.0,0.0) 

315a5878d5ec0f34393d6af1f3453912ab24ba36
(-1.0,0.0) (1.0,0.0) (1.0,0.0) (1.0,0.0) 

b14cd063151cec59eeb0f8e2557a7cf6b9d833ba
(1.0,0.0) (1.0,0.0) 

2e99dc295e1a56a70b56a0e3f0f850d71538cabb
(-1.0,0.0) (1.0,0.0) 

b7798b838c4588957f2fe6eb334caf21ec5a3796
(1.0,0.0) (0.0,-1.0) 

8027844f5801c5318f5f2a8c20ff9b551ab1ba70
(-1.0,0.0) (-1.0,0.0) (-1.0,0.0) (1.0,0.0) 

e5401dc2fa26959a2921111abfc0fe840cd91703
(1.0,0.0) (-1.0,0.0) (-1.0,0.0) (1.0,0.0) 

62c769aa6ba383a38e6b6a15869eefc2bf948aa5
(1.0,0.0) (0.0,-1.0) (0.0,-1.0) (1.0,0.0) 

abc683fad3874a68acead3b23d33721001c78d81
(-1.0,0.0) (0.0,-1.0) (0.0,-1.0) (1.0,0.0) 

87a9dee86c4146e8eb94fd274f99861ef6a26a8b
(0.0,-1.0) (1.0,0.0) 

a4729c1efb3bd8e08706e77aaf8c88b907023872
(1.0,0.0) (0.0,0.0) (0.0,0.0) (-1.0,0.0) 

682277f1acd0b6b50b4108da8c7ad3764c541983
(-1.0,0.0) (0.0,0.0) (0.0,0.0) (1.0,0.0) 

a531adbcbe2a8880cf842921d43184f990cd8fe0
(1.0,0.0) (0.0,1.0) (0.0,1.0) (-1.0,0.0) 

f77225b6ddd67ddcb306c94ed5a103072f2bfff3
(0.0,1.0) (0.0,0.0) (0.0,0.0) (1.0,0.0) 

0d7a0d2cf3487ff2b996edacd1dafb6d75fa17e1
(1.0,0.0) (1.0,0.0) (1.0,0.0) (-1.0,0.0) 

e1b780883c0df8eda8c8a649848e8fcf854b267e
(1.0,0.0) (-1.0,0.0) 

END